16
97123
120
1 2 19
1 3 5
1 4 56
1 5 22
1 6 758
1 7 230
1 8 213
1 9 37
1 10 57
1 11 234
1 12 109
1 13 215
1 14 76
1 15 42
1 16 25
2 3 7
2 4 8
2 5 8
2 6 28
2 7 212
2 8 147
2 9 7470
2 10 14
2 11 111
2 12 219
2 13 1020
2 14 6030
2 15 33
2 16 63
3 4 16
3 5 18
3 6 16
3 7 160
3 8 276
3 9 460
3 10 239
3 11 50
3 12 63
3 13 1216
3 14 408
3 15 209
3 16 660
4 5 25
4 6 30
4 7 97
4 8 421
4 9 1264
4 10 376
4 11 5335
4 12 393
4 13 497
4 14 966
4 15 765
4 16 886
5 6 102
5 7 132
5 8 226
5 9 1154
5 10 10443
5 11 8142
5 12 2880
5 13 354
5 14 1429
5 15 3691
5 16 17194
6 7 100
6 8 153
6 9 116
6 10 20700
6 11 2261
6 12 2760
6 13 5727
6 14 241
6 15 630
6 16 25185
7 8 219
7 9 226
7 10 222
7 11 1287
7 12 3766
7 13 3272
7 14 10877
7 15 396
7 16 3735
8 9 12
8 10 90
8 11 40
8 12 1575
8 13 427
8 14 276
8 15 405
8 16 28
9 10 189
9 11 210
9 12 121
9 13 201
9 14 1858
9 15 1207
9 16 1162
10 11 126
10 12 111
10 13 280
10 14 2986
10 15 11746
10 16 4029
11 12 133
11 13 139
11 14 175
11 15 728
11 16 2735
12 13 861
12 14 354
12 15 3350
12 16 1370
13 14 990
13 15 76
13 16 117
14 15 70
14 16 70
15 16 46
